49
12  ºñ¦â¥vµÜ©i   40   18    1  0 1  1   1 N
14  ¬õ¦â¥vµÜ©i   50   20    4  0 1  1   2 N
15        ½¿½»   55   32    2  4 1  1   3 N
16        ³à«Í  190   90   33  2 1  2  15 N
17        ¾uÅ\   95   70    0  3 1  1   5 N
26      ¤j½¿½»   66   55   12  4 2  1   6 MULTIPLE_ATTACK
27  ¶Â¦â¥vµÜ©i   80   37    9  0 1  1   5 N
28      ÆFªZ¤h 1060 1118 1030  5 1 11 100 RESPAWN_53
32    °ª¯Å¦u½Ã 1150  651  860  4 1 12 110 MULTIPLE_ATTACK
33    ¤¤¯Å¦u½Ã  775  220  310  3 1  7  63 N
34        ¦u½Ã   85   40   55  3 1  1   6 N
35  ¶W±jÅ]ªk®v    0    0    0  0 0  0   0 N
36    ªñ½ÃÃM¤h  992   -1  677  4 1 13 124 ONE_SHOT_ATTACK
37      ÅKÃM¤h  420  380  258  4 1  6  54 ONE_SHOT_ATTACK
38        ÃM¤h  130  115   43  4 1  2  17 ONE_SHOT_ATTACK
39  ¬õ¦ç¤jªk®v  875  120  513  1 1 11 101 IGNORE_DEFENCE
40      ¤jªk®v  450  100  302  1 1  8   7 IGNORE_DEFENCE
41      ¤jÅ]¤ý 1000 1200  980  7 1 41 400 CAUSE_WEEK
42        Å]¤ý  635  600  500  6 1  9  88 N
43  Å]ªk®v¤¸«Ó  380   90  280  5 1  6  59 IGNORE_DEFENCE
44  Å]ªk®v­º»â  330   70  150  5 1  5  43 IGNORE_DEFENCE
45  °ª¯ÅÅ]ªk®v  290   40   90  0 1  3  27 IGNORE_DEFENCE
46  ¤¤¯ÅÅ]ªk®v  190   20   20  0 1  1   8 IGNORE_DEFENCE
47      Å]ªk®v   65   10    5  0 1  1   4 IGNORE_DEFENCE
48  ¤¤¯Å¾uÅ\§L  290  170   23  3 1  3  21 N
49      ¾uÅ\§L  190  100    5  3 1  2  13 N
50    ¥vµÜ©i¤ý  172  130   60  2 1  2  19 N
51    ¥vµÜ©i¤H   90   79   24 20 1  2  10 N
52      ÆF¾uÅ\  295  404  282  3 1  8  70 N
53  ÆF¾uÅ\ÃM¤h  800  602  560  4 1  4  30 RESPAWN_52
54        ÅK©Ç   30  600   -1  0 1 14 132 HARD_HARD_HARD
55        ¥Û©Ç   30   45   70  0 1  1   7 N
56    Âù¤â¼C¤h  280  210  110  4 2  4  34 MULTIPLE_ATTACK
58  Å]¤ý®æ°Ç²Ä 3000 1300  999 20 2  0   0 MULTIPLE_ATTACK
59  §l¦å°­½¿½»  210  185   70  4 3  3  24 MULTIPLE_ATTACK
60    íL«ÍÃM¤h  511  353  230  1 1  6  50 POSION_ATTACK
90  ¡@¥¨¤j³¹³½  700  295  120  5 1 18 170 CAUSE_WEEK
92      °²¤½¥D  600  270  160  5 1 13 120 N
100     ¤ô»È¤H  810  802  753 50 1 15 140 N
101 ¤ô»È¥vµÜ©i   10  800   -1 50 2  0   0 DODGE_ATTACK
102       ¼C¤ý 1065  894  770  6 4 15 145 MULTIPLE_ATTACK
103     ¬r³à«Í 1310 1083  951  2 1 16 152 POSION_ATTACK
104     ¬r½¿½» 1091  971  950  5 2 16 150 POSION_ATTACK
105 °ª¯Å¾uÅ\§L 1020 1341  600  3 1 15 145 CAUSE_WEEK
109       ¦Û¤v 1000  325  160  5 1 31 300 N
111 ¶Àª÷¥vµÜ©i   20 1600   -1 50 1  0   0 DODGE_ATTACK
112 ·t¶ÂÅ]ªk®v 1650  220  920  6 1 51 500 IGNORE_DEFENCE
122       ¥¨Às 1350  891  668  5 1 41 400 N
134       ¬rÀs 2350 1400  930  7 1 61 600 POSION_ATTACK